[3, 5, 1, 9, 8, 2, 4, 7] //
[3, 1, 5, 9, 8, 2, 4, 7] //
[3, 1, 5, 8, 9, 2, 4, 7] //
[3, 1, 5, 8, 2, 9, 4, 7] //
[3, 1, 5, 8, 2, 4, 9, 7] //
[3, 1, 5, 8, 2, 4, 7, 9] //
[1, 3, 5, 8, 2, 4, 7, 9]
[1, 3, 5, 2, 8, 4, 7, 9]
[1, 3, 5, 2, 4, 8, 7, 9]
[1, 3, 5, 2, 4, 7, 8, 9]
[1, 3, 2, 5, 4, 7, 8, 9]
[1, 3, 2, 4, 5, 7, 8, 9]
[1, 2, 3, 4, 5, 7, 8, 9]
bubble sort algorithm output if (len) > 1:

[3, 5, 1, 9, 8, 2, 4, 7]
[3, 1, 5, 9, 8, 2, 4, 7]
[3, 1, 5, 8, 9, 2, 4, 7]
[3, 1, 5, 8, 2, 9, 4, 7]
[3, 1, 5, 8, 2, 4, 9, 7]
[3, 1, 5, 8, 2, 4, 7, 9]
[1, 3, 5, 8, 2, 4, 7, 9]
[1, 3, 5, 2, 8, 4, 7, 9]
[1, 3, 5, 2, 4, 8, 7, 9]
[1, 3, 5, 2, 4, 7, 8, 9]
[1, 3, 2, 5, 4, 7, 8, 9]
[1, 3, 2, 4, 5, 7, 8, 9]
[1, 2, 3, 4, 5, 7, 8, 9]
[1, 2, 3, 4, 5, 7, 8, 9]